[gd_scene load_steps=10 format=3 uid="uid://cumu40ja822ty"]

[ext_resource type="PackedScene" uid="uid://bptevpddvxpy7" path="res://scenes/cube.tscn" id="1_ny7rq"]
[ext_resource type="Shader" path="res://skyshader.gdshader" id="2_v2qp4"]
[ext_resource type="PackedScene" uid="uid://clc5dre31iskm" path="res://addons/godot-xr-tools/xr/start_xr.tscn" id="3_onvd2"]
[ext_resource type="PackedScene" uid="uid://cpqsjw2xcc8gl" path="res://scenes/player.tscn" id="4_1xhni"]

[sub_resource type="ShaderMaterial" id="ShaderMaterial_1bamh"]
shader = ExtResource("2_v2qp4")
shader_parameter/sky_color = Color(0.03, 0.05, 0.11, 1)
shader_parameter/star_base_color = Color(0.8, 1, 0.3, 1)
shader_parameter/star_hue_offset = 0.6
shader_parameter/star_intensity = 0.08
shader_parameter/star_twinkle_speed = 0.8
shader_parameter/star_twinkle_intensity = 0.2
shader_parameter/layer_scale = 20.0
shader_parameter/layer_scale_step = 10.0
shader_parameter/layers_count = 3

[sub_resource type="Sky" id="Sky_e5nmt"]
sky_material = SubResource("ShaderMaterial_1bamh")

[sub_resource type="Environment" id="Environment_4kdo2"]
background_mode = 2
sky = SubResource("Sky_e5nmt")
ambient_light_color = Color(0.470194, 0.0453032, 0, 1)
tonemap_mode = 2

[sub_resource type="PlaneMesh" id="PlaneMesh_kqclh"]

[sub_resource type="ConcavePolygonShape3D" id="ConcavePolygonShape3D_0aslw"]
data = PackedVector3Array(2.5, 0, 2.5, -2.5, 0, 2.5, 2.5, 0, -2.5, -2.5, 0, 2.5, -2.5, 0, -2.5, 2.5, 0, -2.5)

[node name="main" type="Node3D"]

[node name="PickableObject" parent="." instance=ExtResource("1_ny7rq")]
transform = Transform3D(1, 0, 0, 0, 1, 0, 0, 0, 1, 0, 0.336525, 0)
release_mode = 0
ranged_grab_method = 2

[node name="WorldEnvironment" type="WorldEnvironment" parent="."]
environment = SubResource("Environment_4kdo2")

[node name="DirectionalLight3D" type="DirectionalLight3D" parent="."]
physics_interpolation_mode = 2
transform = Transform3D(-0.866025, -0.433013, 0.25, 0, 0.5, 0.866025, -0.5, 0.75, -0.433013, -0.00162983, 1.19209e-07, -0.00357604)
light_color = Color(0.739789, 1.93726e-06, 9.62615e-07, 1)
light_bake_mode = 0
shadow_enabled = true
shadow_opacity = 0.75

[node name="StartXR" parent="." instance=ExtResource("3_onvd2")]

[node name="XROrigin3D" parent="." instance=ExtResource("4_1xhni")]
transform = Transform3D(1, 0, 0, 0, 1, 0, 0, 0, 1, 0, 0.997742, 0)

[node name="floor" type="MeshInstance3D" parent="."]
mesh = SubResource("PlaneMesh_kqclh")

[node name="StaticBody3D" type="StaticBody3D" parent="floor"]
collision_mask = 17

[node name="CollisionShape3D" type="CollisionShape3D" parent="floor/StaticBody3D"]
shape = SubResource("ConcavePolygonShape3D_0aslw")

[node name="UI" type="Label3D" parent="."]

[node name="Label3D" type="Label3D" parent="UI"]
transform = Transform3D(1, 0, 0, 0, 1, 0, 0, 0, 1, 0, 0.225755, -2.07748)
text = "you died."

[node name="Label3D2" type="Label3D" parent="UI"]
transform = Transform3D(-0.173648, 0, -0.984808, 0, 1, 0, 0.984808, 0, -0.173648, 1.85643, 0.315539, 0)
text = "you died."

[node name="Label3D3" type="Label3D" parent="UI"]
transform = Transform3D(-0.560639, 0, 0.82806, 0, 1, 0, -0.82806, 0, -0.560639, -2.05518, 0.214665, 0)
text = "you died."

[node name="Label3D4" type="Label3D" parent="UI"]
transform = Transform3D(-0.994151, 0, 0.107999, 0, 1, 0, -0.107999, 0, -0.994151, 0, 0.55763, 2.06212)
text = "you died."
